P_RELATORS:=[ [ 1, -2, -1, 2, 2, 1, 1, -2, -1, -1, -2, -1, 2, 1 ], 
  [ -2, -1, -1, -2, -2, -2, -1, 2, 2, 1, 1, 2, 2, 2, 1, 1, -2, -1 ], 
  [ -1, -2, 1, 2, 1, 2, 2, 1, 2, -1, 2, 1, 1, 2, 2, 1, 2, 2 ], 
  [ 1, -2, -1, -1, -2, -2, -2, -1, -2, -1, 2, 2, 1, 1, 2, 2, 1, 2 ], 
  [ -2, -1, 2, 1, -2, -2, -1, -2, -1, 2, 1, -2, -1, 2, 1, 1, 2, -1, 2, 1 ], 
  [ -1, -1, 2, 1, 1, 2, -1, 2, 1, 1, -2, -1, -1, -2, -2, -1, -1, -2, 1, 1, 
      -2, -1, 2, 1, 1, 2 ] ];
IMAGE_A:=[ -1, -1, -2, -2, 1, 2, -1, -1, -2, -2, 1, 2, 2, 2, 1, 1, 2, -1, -1, 
  -2, -2, 1, 2, -1, -1, -2, 1, -2, -1, -1, -2, 1, 2, 1, -2, -1, -1, -2, -2, 
  -2, -1, 2, 2, 1, 1, -2, -1, -1, -2, -2, -1, -2, -1, 2, 1, 1, 2, -1, 2, 1, 
  1, -2, -1, 2, 2, 1, 1, -2, -1, -1, -2, -2, -2, -1, 2, 2, 1, 1, -2, -1, -1, 
  -2, -2, -1, -2, -1, 2, 1, 1, 2, -1, 2, 1, 1, -2, -1, 2, 2, 1, 1, -2, -1, 
  -1, -2, -2, -2, -1, 2, 2, 1, 1, -2, -1, 2, 2, 1, 1 ];
IMAGE_B:=[ -1, -1, -2, -2, 1, 2, -1, -1, -2, -2, 1, 2, 2, 2, 1, 1, 2, -1, -1, 
  -2, -2, 1, 2, -1, -1, -2, 1, -2, -1, -1, -2, 1, 2, -1, -2, -2, 1, 2, -1, 
  -2, -1, 2, 1, 1, 2, -1, 2, 1, 1, -2, -1, 2, 2, 1, 1, -2, -1, -1, -2, -2, 
  -2, -1, 2, 2, 1, 1, -2, -1, 2, 2, 1, 1 ];
